3.252520402288775614e+01
3.272520402288775898e+01
3.292520402288776182e+01
3.312520402288776467e+01
3.332520402288776751e+01
3.352520402288777035e+01
3.372520402288777319e+01
3.392520402288777603e+01
3.412520402288777888e+01
3.432520402288778172e+01
3.452520402288778456e+01
3.472520402288778740e+01
3.492520402288779025e+01
3.512520402288779309e+01
3.532520402288779593e+01
3.552520402288779877e+01
3.572520402288780161e+01
3.592520402288780446e+01
3.612520402288780730e+01
3.632520402288781014e+01
3.652520402288781298e+01
3.672520402288781582e+01
3.692520402288781867e+01
3.712520402288782151e+01
3.732520402288782435e+01
3.752520402288782719e+01
3.772520402288783004e+01
3.792520402288783288e+01
3.812520402288783572e+01
3.832520402288783856e+01
3.852520402288784140e+01
3.872520402288784425e+01
3.892520402288784709e+01
3.912520402288784993e+01
3.932520402288785277e+01
3.952520402288785561e+01
3.972520402288785846e+01
3.992520402288786130e+01
4.012520402288786414e+01
4.032520402288786698e+01
4.052520402288786983e+01
4.072520402288787267e+01
4.092520402288787551e+01
4.112520402288787835e+01
4.132520402288788119e+01
4.152520402288788404e+01
4.172520402288788688e+01
4.192520402288788972e+01
4.212520402288789256e+01
4.232520402288789541e+01
4.252520402288789825e+01
4.272520402288790109e+01
4.292520402288790393e+01
4.312520402288790677e+01
4.332520402288790962e+01
4.352520402288791246e+01
4.372520402288791530e+01
4.392520402288791814e+01
4.412520402288792098e+01
4.432520402288792383e+01
4.452520402288792667e+01
4.472520402288792951e+01
4.492520402288793235e+01
4.512520402288793520e+01
4.532520402288793804e+01
4.552520402288794088e+01
4.572520402288794372e+01
4.592520402288794656e+01
4.612520402288794941e+01
4.632520402288795225e+01
4.652520402288795509e+01
4.672520402288795793e+01
4.692520402288796078e+01
4.712520402288796362e+01
4.732520402288796646e+01
4.752520402288796930e+01
4.772520402288797214e+01
4.792520402288797499e+01
4.812520402288797783e+01
4.832520402288798067e+01
4.852520402288798351e+01
4.872520402288798635e+01
4.892520402288798920e+01
4.912520402288799204e+01
4.932520402288799488e+01
4.952520402288799772e+01
4.972520402288800057e+01
4.992520402288800341e+01
5.012520402288800625e+01
5.032520402288800909e+01
5.052520402288801193e+01
5.072520402288801478e+01
5.092520402288801762e+01
5.112520402288802046e+01
5.132520402288802330e+01
5.152520402288802615e+01
5.172520402288802899e+01
5.192520402288803183e+01
5.212520402288803467e+01
5.232520402288803751e+01
5.252520402288804036e+01
5.272520402288804320e+01
5.292520402288804604e+01
5.312520402288804888e+01
5.332520402288805172e+01
5.352520402288805457e+01
5.372520402288805741e+01
5.392520402288806025e+01
5.412520402288806309e+01
5.432520402288806594e+01
5.452520402288806878e+01
5.472520402288807162e+01
5.492520402288807446e+01
5.512520402288807730e+01
5.532520402288808015e+01
5.552520402288808299e+01
5.572520402288808583e+01
5.592520402288808867e+01
5.612520402288809152e+01
5.632520402288809436e+01
5.652520402288809720e+01
5.672520402288810004e+01
5.692520402288810288e+01
5.712520402288810573e+01
5.732520402288810857e+01
5.752520402288811141e+01
5.772520402288811425e+01
5.792520402288811709e+01
5.812520402288811994e+01
5.832520402288812278e+01
5.852520402288812562e+01
5.872520402288812846e+01
5.892520402288813131e+01
5.912520402288813415e+01
5.932520402288813699e+01
5.952520402288813983e+01
5.972520402288814267e+01
5.992520402288814552e+01
6.012520402288814836e+01
6.032520402288815120e+01
6.052520402288815404e+01
6.072520402288815689e+01
6.092520402288815973e+01
6.112520402288816257e+01
6.132520402288816541e+01
6.152520402288816825e+01
6.172520402288817110e+01
6.192520402288817394e+01
6.212520402288817678e+01
6.232520402288817962e+01
6.252520402288818246e+01
6.272520402288818531e+01
6.292520402288818815e+01
6.312520402288819099e+01
6.332520402288819383e+01
6.352520402288819668e+01
6.372520402288819952e+01
6.392520402288820236e+01
6.412520402288819810e+01
6.432520402288821515e+01
6.452520402288820378e+01
6.472520402288822083e+01
6.492520402288820947e+01
6.512520402288822652e+01
6.532520402288821515e+01
6.552520402288823220e+01
6.572520402288822083e+01
6.592520402288823789e+01
6.612520402288822652e+01
6.632520402288824357e+01
6.652520402288823220e+01
6.672520402288824926e+01
6.692520402288823789e+01
6.712520402288825494e+01
6.732520402288824357e+01
6.752520402288826062e+01
6.772520402288824926e+01
6.792520402288826631e+01
6.812520402288825494e+01
6.832520402288827199e+01
6.852520402288826062e+01
6.872520402288827768e+01
6.892520402288826631e+01
6.912520402288828336e+01
6.932520402288827199e+01
6.952520402288828905e+01
6.972520402288827768e+01
6.992520402288829473e+01
7.012520402288828336e+01
7.032520402288830041e+01
7.052520402288828905e+01
7.072520402288830610e+01
7.092520402288829473e+01
7.112520402288831178e+01
7.132520402288830041e+01
7.152520402288831747e+01
7.172520402288830610e+01
7.192520402288832315e+01
7.212520402288831178e+01
7.232520402288832884e+01
7.252520402288831747e+01
7.272520402288833452e+01
7.292520402288832315e+01
7.312520402288834021e+01
7.332520402288832884e+01
7.352520402288834589e+01
7.372520402288833452e+01
7.392520402288835157e+01
7.412520402288834021e+01
7.432520402288835726e+01
7.452520402288834589e+01
7.472520402288836294e+01
7.492520402288835157e+01
7.512520402288836863e+01
7.532520402288835726e+01
7.552520402288837431e+01
7.572520402288836294e+01
7.592520402288838000e+01
7.612520402288836863e+01
7.632520402288838568e+01
